0.0,1594204503.000,39.994139,-0.068957,143.000,0.000,44.0,6,5
0.03399999999999892,1594204503.000,39.994139,-0.068957,143.000,0.000,44.0,6,5
0.9660000000000011,1594204504.000,39.994140,-0.068978,147.000,0.000,39.0,6,4
0.9930000000000021,1594204504.000,39.994140,-0.068978,147.000,0.000,39.0,6,4
1.975999999999999,1594204505.000,39.994068,-0.069031,149.000,0.000,32.0,6,4
2.003999999999998,1594204505.000,39.994068,-0.069031,149.000,0.000,32.0,6,4
2.953000000000003,1594204506.000,39.994031,-0.069068,143.000,262.800,30.0,6,4
2.9650000000000034,1594204506.000,39.994031,-0.069068,143.000,262.800,30.0,6,4
3.977000000000004,1594204507.000,39.994029,-0.069076,140.000,257.800,34.0,6,5
3.9919999999999973,1594204507.000,39.994029,-0.069076,140.000,257.800,34.0,6,5
4.984999999999999,1594204508.000,39.994028,-0.069073,140.000,246.700,32.0,6,5
4.991999999999997,1594204508.000,39.994028,-0.069073,140.000,246.700,32.0,6,5
5.997,1594204509.000,39.994027,-0.069072,138.000,243.000,34.0,6,5
6.0120000000000005,1594204509.000,39.994027,-0.069072,138.000,243.000,34.0,6,5
29.990000000000002,1594204533.000,39.994302,-0.069400,131.000,338.200,33.0,7,5
30.003000000000007,1594204533.000,39.994302,-0.069400,131.000,338.200,33.0,7,5
30.985000000000007,1594204534.000,39.994288,-0.069420,129.000,339.200,35.0,7,4
30.997999999999998,1594204534.000,39.994288,-0.069420,129.000,339.200,35.0,7,4
31.994000000000007,1594204535.000,39.994288,-0.069453,128.000,337.300,38.0,7,4
32.001,1594204535.000,39.994288,-0.069453,128.000,337.300,38.0,7,4
32.972,1594204536.000,39.994319,-0.069480,127.000,337.700,36.0,7,4
32.99100000000001,1594204536.000,39.994319,-0.069480,127.000,337.700,36.0,7,4
33.98,1594204537.000,39.994328,-0.069486,126.000,345.700,35.0,7,4
33.992,1594204537.000,39.994328,-0.069486,126.000,345.700,35.0,7,4
34.99100000000001,1594204538.000,39.994330,-0.069500,126.000,344.800,36.0,7,5
34.998,1594204538.000,39.994330,-0.069500,126.000,344.800,36.0,7,5
35.955000000000005,1594204539.000,39.994358,-0.069484,124.000,347.300,36.0,7,4
35.98,1594204539.000,39.994358,-0.069484,124.000,347.300,36.0,7,4
36.99100000000001,1594204540.000,39.994346,-0.069521,125.000,335.900,33.0,8,4
37.00000000000001,1594204540.000,39.994346,-0.069521,125.000,335.900,33.0,8,4
37.955000000000005,1594204541.000,39.994351,-0.069505,128.000,338.900,34.0,8,4
37.970000000000006,1594204541.000,39.994351,-0.069505,128.000,338.900,34.0,8,4
38.964999999999996,1594204542.000,39.994357,-0.069526,128.000,339.400,35.0,8,4
38.979000000000006,1594204542.000,39.994357,-0.069526,128.000,339.400,35.0,8,4
39.949000000000005,1594204543.000,39.994354,-0.069534,129.000,339.900,39.0,7,4
39.955999999999996,1594204543.000,39.994354,-0.069534,129.000,339.900,39.0,7,4
114.93200000000002,1594204618.000,39.993760,-0.069278,155.000,145.000,95.0,6,4
114.957,1594204618.000,39.993760,-0.069278,155.000,145.000,95.0,6,4
115.91,1594204619.000,39.993729,-0.069281,161.000,105.000,38.0,6,4
115.92500000000001,1594204619.000,39.993729,-0.069281,161.000,105.000,38.0,6,4
117.928,1594204621.000,39.993754,-0.069235,164.000,62.100,54.0,6,4
117.94400000000002,1594204621.000,39.993754,-0.069235,164.000,62.100,54.0,6,4
118.929,1594204622.000,39.993793,-0.069197,173.000,34.200,56.0,6,4
118.94900000000001,1594204622.000,39.993793,-0.069197,173.000,34.200,56.0,6,4
119.928,1594204623.000,39.993849,-0.069179,175.000,17.000,55.0,6,4
119.936,1594204623.000,39.993849,-0.069179,175.000,17.000,55.0,6,4
237.94899999999998,1594204741.000,39.993959,-0.069487,108.000,72.400,32.0,6,5
237.994,1594204741.000,39.993959,-0.069487,108.000,72.400,32.0,6,5
238.956,1594204742.000,39.993964,-0.069468,113.000,77.000,36.0,5,5
238.977,1594204742.000,39.993964,-0.069468,113.000,77.000,36.0,5,5
239.97400000000002,1594204743.000,39.993982,-0.069383,116.000,78.500,25.0,4,4
239.99500000000003,1594204743.000,39.993982,-0.069383,116.000,78.500,25.0,4,4
240.958,1594204744.000,39.993985,-0.069370,123.000,82.100,29.0,5,5
240.987,1594204744.000,39.993985,-0.069370,123.000,82.100,29.0,5,5
241.98100000000002,1594204745.000,39.993987,-0.069348,125.000,84.900,27.0,5,5
241.991,1594204745.000,39.993987,-0.069348,125.000,84.900,27.0,5,5
242.975,1594204746.000,39.993983,-0.069335,126.000,88.000,28.0,8,5
242.989,1594204746.000,39.993983,-0.069335,126.000,88.000,28.0,8,5
243.98600000000002,1594204747.000,39.993987,-0.069316,128.000,88.500,32.0,8,5
243.994,1594204747.000,39.993987,-0.069316,128.000,88.500,32.0,8,5
244.97299999999998,1594204748.000,39.993998,-0.069285,131.000,88.900,32.0,8,5
244.98999999999998,1594204748.000,39.993998,-0.069285,131.000,88.900,32.0,8,5
245.965,1594204749.000,39.993998,-0.069274,133.000,94.800,32.0,8,5
245.98499999999999,1594204749.000,39.993998,-0.069274,133.000,94.800,32.0,8,5
246.982,1594204750.000,39.993998,-0.069279,133.000,92.000,35.0,8,5
246.98800000000003,1594204750.000,39.993998,-0.069279,133.000,92.000,35.0,8,5
247.98800000000003,1594204751.000,39.993991,-0.069280,132.000,93.600,37.0,8,5
247.99500000000003,1594204751.000,39.993991,-0.069280,132.000,93.600,37.0,8,5
249.00199999999998,1594204752.000,39.993992,-0.069279,132.000,88.800,36.0,8,5
249.00700000000003,1594204752.000,39.993992,-0.069279,132.000,88.800,36.0,8,5
250.011,1594204753.000,39.993985,-0.069281,132.000,87.900,40.0,8,5
250.01900000000003,1594204753.000,39.993985,-0.069281,132.000,87.900,40.0,8,5
251.03,1594204754.000,39.993979,-0.069291,130.000,87.600,40.0,9,5
251.03600000000003,1594204754.000,39.993979,-0.069291,130.000,87.600,40.0,9,5
251.965,1594204755.000,39.993981,-0.069285,130.000,88.000,41.0,9,5
251.975,1594204755.000,39.993981,-0.069285,130.000,88.000,41.0,9,5
252.97100000000003,1594204756.000,39.993986,-0.069286,129.000,79.300,41.0,9,5
252.996,1594204756.000,39.993986,-0.069286,129.000,79.300,41.0,9,5
253.95399999999998,1594204757.000,39.993989,-0.069296,128.000,66.800,40.0,7,5
253.96900000000002,1594204757.000,39.993989,-0.069296,128.000,66.800,40.0,7,5
254.97400000000002,1594204758.000,39.993994,-0.069306,127.000,52.800,41.0,7,5
254.98300000000003,1594204758.000,39.993994,-0.069306,127.000,52.800,41.0,7,5
255.968,1594204759.000,39.993994,-0.069309,126.000,50.700,42.0,7,5
255.97299999999998,1594204759.000,39.993994,-0.069309,126.000,50.700,42.0,7,5
256.96099999999996,1594204760.000,39.994014,-0.069292,124.000,48.500,37.0,7,5
256.969,1594204760.000,39.994014,-0.069292,124.000,48.500,37.0,7,5
257.965,1594204761.000,39.994020,-0.069283,124.000,46.400,35.0,8,5
257.96999999999997,1594204761.000,39.994020,-0.069283,124.000,46.400,35.0,8,5
258.953,1594204762.000,39.994036,-0.069266,125.000,41.300,39.0,8,5
258.962,1594204762.000,39.994036,-0.069266,125.000,41.300,39.0,8,5
259.97799999999995,1594204763.000,39.994043,-0.069263,127.000,30.100,40.0,8,5
259.98499999999996,1594204763.000,39.994043,-0.069263,127.000,30.100,40.0,8,5
260.94899999999996,1594204764.000,39.994045,-0.069261,127.000,26.900,42.0,10,5
260.964,1594204764.000,39.994045,-0.069261,127.000,26.900,42.0,10,5
261.991,1594204765.000,39.994053,-0.069253,127.000,22.700,42.0,9,5
261.99899999999997,1594204765.000,39.994053,-0.069253,127.000,22.700,42.0,9,5
262.995,1594204766.000,39.994056,-0.069245,126.000,22.000,40.0,10,5
263.005,1594204766.000,39.994056,-0.069245,126.000,22.000,40.0,10,5
264.02599999999995,1594204767.000,39.994064,-0.069236,127.000,17.600,39.0,10,5
264.034,1594204767.000,39.994064,-0.069236,127.000,17.600,39.0,10,5
264.967,1594204768.000,39.994077,-0.069228,128.000,14.200,37.0,10,5
264.984,1594204768.000,39.994077,-0.069228,128.000,14.200,37.0,10,5
265.959,1594204769.000,39.994089,-0.069217,129.000,10.900,36.0,9,5
265.964,1594204769.000,39.994089,-0.069217,129.000,10.900,36.0,9,5
266.976,1594204770.000,39.994089,-0.069242,128.000,7.700,35.0,9,5
266.986,1594204770.000,39.994089,-0.069242,128.000,7.700,35.0,9,5
267.971,1594204771.000,39.994090,-0.069259,127.000,0.000,37.0,9,5
267.976,1594204771.000,39.994090,-0.069259,127.000,0.000,37.0,9,5
268.969,1594204772.000,39.994084,-0.069263,126.000,16.900,40.0,8,5
268.981,1594204772.000,39.994084,-0.069263,126.000,16.900,40.0,8,5
269.983,1594204773.000,39.994028,-0.069242,124.000,16.000,35.0,7,4
269.993,1594204773.000,39.994028,-0.069242,124.000,16.000,35.0,7,4
270.95799999999997,1594204774.000,39.994031,-0.069237,124.000,16.700,35.0,7,5
270.969,1594204774.000,39.994031,-0.069237,124.000,16.700,35.0,7,5
271.95599999999996,1594204775.000,39.994032,-0.069230,124.000,0.000,34.0,6,5
271.96099999999996,1594204775.000,39.994032,-0.069230,124.000,0.000,34.0,6,5
272.933,1594204776.000,39.994035,-0.069210,124.000,17.000,35.0,5,5
272.945,1594204776.000,39.994035,-0.069210,124.000,17.000,35.0,5,5
273.96299999999997,1594204777.000,39.994044,-0.069195,126.000,16.600,36.0,5,5
273.97999999999996,1594204777.000,39.994044,-0.069195,126.000,16.600,36.0,5,5
274.969,1594204778.000,39.994044,-0.069182,126.000,16.800,36.0,5,5
274.979,1594204778.000,39.994044,-0.069182,126.000,16.800,36.0,5,5
275.959,1594204779.000,39.994050,-0.069166,127.000,16.500,37.0,5,5
275.972,1594204779.000,39.994050,-0.069166,127.000,16.500,37.0,5,5
276.97499999999997,1594204780.000,39.994059,-0.069151,128.000,16.200,37.0,5,5
276.98199999999997,1594204780.000,39.994059,-0.069151,128.000,16.200,37.0,5,5
277.98199999999997,1594204781.000,39.994068,-0.069142,129.000,16.000,37.0,5,5
277.99899999999997,1594204781.000,39.994068,-0.069142,129.000,16.000,37.0,5,5
278.953,1594204782.000,39.994076,-0.069128,129.000,21.400,37.0,5,5
278.974,1594204782.000,39.994076,-0.069128,129.000,21.400,37.0,5,5
279.96599999999995,1594204783.000,39.994087,-0.069112,130.000,23.900,38.0,5,5
279.981,1594204783.000,39.994087,-0.069112,130.000,23.900,38.0,5,5
280.959,1594204784.000,39.994094,-0.069099,130.000,30.000,38.0,5,5
280.967,1594204784.000,39.994094,-0.069099,130.000,30.000,38.0,5,5
281.96599999999995,1594204785.000,39.994105,-0.069083,131.000,32.100,38.0,5,5
281.97999999999996,1594204785.000,39.994105,-0.069083,131.000,32.100,38.0,5,5
282.936,1594204786.000,39.994111,-0.069070,131.000,33.300,36.0,5,5
282.953,1594204786.000,39.994111,-0.069070,131.000,33.300,36.0,5,5
283.96,1594204787.000,39.994117,-0.069052,132.000,38.600,36.0,5,5
283.983,1594204787.000,39.994117,-0.069052,132.000,38.600,36.0,5,5
284.938,1594204788.000,39.994125,-0.069037,133.000,43.200,36.0,5,5
284.95,1594204788.000,39.994125,-0.069037,133.000,43.200,36.0,5,5
285.93899999999996,1594204789.000,39.994134,-0.069026,133.000,42.000,40.0,5,5
285.95099999999996,1594204789.000,39.994134,-0.069026,133.000,42.000,40.0,5,5
286.95599999999996,1594204790.000,39.994147,-0.069009,133.000,41.000,39.0,5,5
286.96599999999995,1594204790.000,39.994147,-0.069009,133.000,41.000,39.0,5,5
287.96999999999997,1594204791.000,39.994150,-0.069005,134.000,37.000,39.0,5,5
287.979,1594204791.000,39.994150,-0.069005,134.000,37.000,39.0,5,5
288.95099999999996,1594204792.000,39.994162,-0.068985,134.000,38.900,39.0,5,5
288.981,1594204792.000,39.994162,-0.068985,134.000,38.900,39.0,5,5
289.99899999999997,1594204793.000,39.994169,-0.068975,133.000,45.200,39.0,5,5
290.019,1594204793.000,39.994169,-0.068975,133.000,45.200,39.0,5,5
290.96999999999997,1594204794.000,39.994171,-0.068979,133.000,49.600,38.0,5,5
290.98199999999997,1594204794.000,39.994171,-0.068979,133.000,49.600,38.0,5,5
291.94599999999997,1594204795.000,39.994174,-0.068974,133.000,51.200,39.0,5,5
291.964,1594204795.000,39.994174,-0.068974,133.000,51.200,39.0,5,5
292.974,1594204796.000,39.994176,-0.068969,133.000,52.800,39.0,5,5
292.981,1594204796.000,39.994176,-0.068969,133.000,52.800,39.0,5,5
293.93399999999997,1594204797.000,39.994180,-0.068959,133.000,0.000,39.0,5,5
293.962,1594204797.000,39.994180,-0.068959,133.000,0.000,39.0,5,5
294.943,1594204798.000,39.994180,-0.068959,133.000,0.000,39.0,5,5
294.965,1594204798.000,39.994180,-0.068959,133.000,0.000,39.0,5,5
295.96,1594204799.000,39.994180,-0.068959,133.000,0.000,39.0,5,5
295.967,1594204799.000,39.994180,-0.068959,133.000,0.000,39.0,5,5
296.953,1594204800.000,39.994180,-0.068959,133.000,0.000,39.0,5,5
296.957,1594204800.000,39.994180,-0.068959,133.000,0.000,39.0,5,5
297.93399999999997,1594204801.000,39.994186,-0.068940,133.000,51.300,40.0,5,5
297.942,1594204801.000,39.994186,-0.068940,133.000,51.300,40.0,5,5
298.94899999999996,1594204802.000,39.994187,-0.068932,134.000,54.700,40.0,5,5
298.955,1594204802.000,39.994187,-0.068932,134.000,54.700,40.0,5,5
299.96599999999995,1594204803.000,39.994181,-0.068926,134.000,59.300,39.0,5,5
299.974,1594204803.000,39.994181,-0.068926,134.000,59.300,39.0,5,5
300.933,1594204804.000,39.994079,-0.068923,136.000,60.000,33.0,5,4
300.943,1594204804.000,39.994079,-0.068923,136.000,60.000,33.0,5,4
301.974,1594204805.000,39.994058,-0.068894,136.000,69.300,30.0,5,4
301.98999999999995,1594204805.000,39.994058,-0.068894,136.000,69.300,30.0,5,4
302.972,1594204806.000,39.994065,-0.068900,137.000,70.700,32.0,5,5
302.99199999999996,1594204806.000,39.994065,-0.068900,137.000,70.700,32.0,5,5
303.964,1594204807.000,39.994069,-0.068900,137.000,69.100,33.0,5,5
303.97299999999996,1594204807.000,39.994069,-0.068900,137.000,69.100,33.0,5,5
304.95799999999997,1594204808.000,39.994075,-0.068887,138.000,71.000,33.0,5,5
304.969,1594204808.000,39.994075,-0.068887,138.000,71.000,33.0,5,5
305.95599999999996,1594204809.000,39.994086,-0.068872,139.000,70.100,34.0,6,5
305.96799999999996,1594204809.000,39.994086,-0.068872,139.000,70.100,34.0,6,5
307.97999999999996,1594204811.000,39.994136,-0.068886,140.000,61.500,33.0,6,4
307.99199999999996,1594204811.000,39.994136,-0.068886,140.000,61.500,33.0,6,4
308.959,1594204812.000,39.994145,-0.068910,141.000,55.900,33.0,6,4
308.98699999999997,1594204812.000,39.994145,-0.068910,141.000,55.900,33.0,6,4
309.942,1594204813.000,39.994125,-0.068932,141.000,55.200,32.0,6,4
309.967,1594204813.000,39.994125,-0.068932,141.000,55.200,32.0,6,4
310.945,1594204814.000,39.994129,-0.068930,142.000,54.400,33.0,6,4
310.952,1594204814.000,39.994129,-0.068930,142.000,54.400,33.0,6,4
311.93899999999996,1594204815.000,39.994132,-0.068934,142.000,52.600,34.0,6,4
311.943,1594204815.000,39.994132,-0.068934,142.000,52.600,34.0,6,4
312.928,1594204816.000,39.994139,-0.068930,142.000,49.000,35.0,6,4
312.943,1594204816.000,39.994139,-0.068930,142.000,49.000,35.0,6,4
313.916,1594204817.000,39.994152,-0.068930,143.000,38.200,36.0,6,4
313.933,1594204817.000,39.994152,-0.068930,143.000,38.200,36.0,6,4
314.921,1594204818.000,39.994159,-0.068926,143.000,35.700,37.0,5,4
314.928,1594204818.000,39.994159,-0.068926,143.000,35.700,37.0,5,4
315.96099999999996,1594204819.000,39.994167,-0.068924,144.000,32.600,38.0,5,4
315.972,1594204819.000,39.994167,-0.068924,144.000,32.600,38.0,5,4
316.952,1594204820.000,39.994175,-0.068920,144.000,32.900,40.0,5,4
316.969,1594204820.000,39.994175,-0.068920,144.000,32.900,40.0,5,4
317.95,1594204821.000,39.994152,-0.068945,144.000,34.500,34.0,5,4
317.95399999999995,1594204821.000,39.994152,-0.068945,144.000,34.500,34.0,5,4
318.904,1594204822.000,39.994105,-0.069008,145.000,36.900,34.0,5,4
318.91499999999996,1594204822.000,39.994105,-0.069008,145.000,36.900,34.0,5,4
319.929,1594204823.000,39.994101,-0.069047,145.000,37.600,32.0,5,4
319.941,1594204823.000,39.994101,-0.069047,145.000,37.600,32.0,5,4
320.931,1594204824.000,39.994097,-0.069065,143.000,0.000,30.0,6,4
320.955,1594204824.000,39.994097,-0.069065,143.000,0.000,30.0,6,4
321.931,1594204825.000,39.994097,-0.069065,143.000,0.000,31.0,6,4
321.945,1594204825.000,39.994097,-0.069065,143.000,0.000,31.0,6,4
322.943,1594204826.000,39.994097,-0.069065,143.000,0.000,31.0,6,5
322.95599999999996,1594204826.000,39.994097,-0.069065,143.000,0.000,31.0,6,5
323.959,1594204827.000,39.994102,-0.069126,143.000,14.300,31.0,6,5
323.97499999999997,1594204827.000,39.994102,-0.069126,143.000,14.300,31.0,6,5
324.92699999999996,1594204828.000,39.994102,-0.069140,143.000,24.600,31.0,6,5
324.942,1594204828.000,39.994102,-0.069140,143.000,24.600,31.0,6,5
325.91499999999996,1594204829.000,39.994099,-0.069143,142.000,24.400,29.0,6,5
325.93399999999997,1594204829.000,39.994099,-0.069143,142.000,24.400,29.0,6,5
326.928,1594204830.000,39.994107,-0.069153,142.000,29.900,30.0,6,5
326.933,1594204830.000,39.994107,-0.069153,142.000,29.900,30.0,6,5
327.931,1594204831.000,39.994114,-0.069155,142.000,30.100,29.0,6,5
327.95,1594204831.000,39.994114,-0.069155,142.000,30.100,29.0,6,5
328.931,1594204832.000,39.994114,-0.069154,142.000,30.400,30.0,6,5
328.936,1594204832.000,39.994114,-0.069154,142.000,30.400,30.0,6,5
329.923,1594204833.000,39.994120,-0.069149,142.000,30.200,31.0,5,4
329.94399999999996,1594204833.000,39.994120,-0.069149,142.000,30.200,31.0,5,4
332.96299999999997,1594204836.000,39.994144,-0.069209,141.000,21.600,53.0,6,5
332.974,1594204836.000,39.994144,-0.069209,141.000,21.600,53.0,6,5
353.909,1594204857.000,39.993922,-0.069023,171.000,101.900,69.0,8,4
353.92199999999997,1594204857.000,39.993922,-0.069023,171.000,101.900,69.0,8,4
499.98299999999995,1594205003.000,39.993349,-0.069715,177.000,0.000,37.0,6,4
499.999,1594205003.000,39.993349,-0.069715,177.000,0.000,37.0,6,4
500.976,1594205004.000,39.993411,-0.069700,167.000,25.200,41.0,5,4
500.99,1594205004.000,39.993411,-0.069700,167.000,25.200,41.0,5,4
501.91700000000003,1594205005.000,39.993414,-0.069715,172.000,25.600,43.0,5,4
501.93899999999996,1594205005.000,39.993414,-0.069715,172.000,25.600,43.0,5,4
502.97399999999993,1594205006.000,39.993443,-0.069734,167.000,26.000,51.0,5,4
502.9839999999999,1594205006.000,39.993443,-0.069734,167.000,26.000,51.0,5,4
503.93399999999997,1594205007.000,39.993451,-0.069715,171.000,24.700,52.0,5,4
503.942,1594205007.000,39.993451,-0.069715,171.000,24.700,52.0,5,4
504.991,1594205008.000,39.993472,-0.069668,174.000,25.000,54.0,5,4
504.994,1594205008.000,39.993472,-0.069668,174.000,25.000,54.0,5,4
505.98299999999995,1594205009.000,39.993447,-0.069647,178.000,25.300,56.0,5,4
505.98699999999997,1594205009.000,39.993447,-0.069647,178.000,25.300,56.0,5,4
506.91499999999996,1594205010.000,39.993463,-0.069640,183.000,23.600,58.0,5,4
506.92999999999995,1594205010.000,39.993463,-0.069640,183.000,23.600,58.0,5,4
507.94499999999994,1594205011.000,39.993452,-0.069624,191.000,32.000,60.0,5,4
507.96399999999994,1594205011.000,39.993452,-0.069624,191.000,32.000,60.0,5,4
508.94999999999993,1594205012.000,39.993436,-0.069603,195.000,38.200,61.0,5,4
508.95799999999997,1594205012.000,39.993436,-0.069603,195.000,38.200,61.0,5,4
509.957,1594205013.000,39.993498,-0.069554,191.000,42.800,65.0,6,4
509.97399999999993,1594205013.000,39.993498,-0.069554,191.000,42.800,65.0,6,4
513.9399999999999,1594205017.000,39.993584,-0.069519,211.000,42.100,95.0,6,5
513.9499999999999,1594205017.000,39.993584,-0.069519,211.000,42.100,95.0,6,5
514.928,1594205018.000,39.993798,-0.069352,203.000,34.900,88.0,6,4
514.952,1594205018.000,39.993798,-0.069352,203.000,34.900,88.0,6,4
532.942,1594205036.000,39.994226,-0.068990,175.000,6.800,93.0,6,4
532.954,1594205036.000,39.994226,-0.068990,175.000,6.800,93.0,6,4
533.914,1594205037.000,39.994190,-0.069046,165.000,12.400,88.0,6,5
533.9209999999999,1594205037.000,39.994190,-0.069046,165.000,12.400,88.0,6,5
534.903,1594205038.000,39.994137,-0.069088,158.000,11.000,82.0,6,5
534.934,1594205038.000,39.994137,-0.069088,158.000,11.000,82.0,6,5
535.923,1594205039.000,39.994053,-0.069148,157.000,6.700,76.0,6,5
535.934,1594205039.000,39.994053,-0.069148,157.000,6.700,76.0,6,5
536.914,1594205040.000,39.993997,-0.069197,160.000,358.300,71.0,6,5
536.919,1594205040.000,39.993997,-0.069197,160.000,358.300,71.0,6,5
537.924,1594205041.000,39.993983,-0.069242,161.000,347.600,77.0,6,5
537.949,1594205041.000,39.993983,-0.069242,161.000,347.600,77.0,6,5
538.9209999999999,1594205042.000,39.993963,-0.069293,157.000,344.000,76.0,6,5
538.938,1594205042.000,39.993963,-0.069293,157.000,344.000,76.0,6,5
539.951,1594205043.000,39.993936,-0.069369,150.000,335.800,74.0,6,5
539.956,1594205043.000,39.993936,-0.069369,150.000,335.800,74.0,6,5
540.919,1594205044.000,39.993923,-0.069434,147.000,314.900,74.0,6,5
540.937,1594205044.000,39.993923,-0.069434,147.000,314.900,74.0,6,5
541.928,1594205045.000,39.993916,-0.069484,144.000,298.600,74.0,6,5
541.942,1594205045.000,39.993916,-0.069484,144.000,298.600,74.0,6,5
542.904,1594205046.000,39.993916,-0.069501,145.000,288.700,74.0,6,5
542.913,1594205046.000,39.993916,-0.069501,145.000,288.700,74.0,6,5
543.9019999999999,1594205047.000,39.993902,-0.069534,144.000,275.800,73.0,6,5
543.911,1594205047.000,39.993902,-0.069534,144.000,275.800,73.0,6,5
544.9069999999999,1594205048.000,39.993906,-0.069547,142.000,268.000,73.0,6,5
544.92,1594205048.000,39.993906,-0.069547,142.000,268.000,73.0,6,5
595.013,1594205098.000,39.993702,-0.069477,150.000,188.500,45.0,9,4
595.0219999999999,1594205098.000,39.993702,-0.069477,150.000,188.500,45.0,9,4
596.0029999999999,1594205099.000,39.993695,-0.069491,150.000,191.200,44.0,10,4
596.025,1594205099.000,39.993695,-0.069491,150.000,191.200,44.0,10,4
596.9689999999999,1594205100.000,39.993649,-0.069486,157.000,187.800,45.0,10,4
596.972,1594205100.000,39.993649,-0.069486,157.000,187.800,45.0,10,4
599.014,1594205102.000,39.993649,-0.069435,161.000,181.700,47.0,10,4
599.024,1594205102.000,39.993649,-0.069435,161.000,181.700,47.0,10,4
599.994,1594205103.000,39.993602,-0.069463,165.000,185.100,50.0,10,4
600.004,1594205103.000,39.993602,-0.069463,165.000,185.100,50.0,10,4
601.0029999999999,1594205104.000,39.993661,-0.069445,157.000,182.900,39.0,10,4
601.02,1594205104.000,39.993661,-0.069445,157.000,182.900,39.0,10,4
601.977,1594205105.000,39.993675,-0.069455,153.000,180.700,38.0,11,4
601.996,1594205105.000,39.993675,-0.069455,153.000,180.700,38.0,11,4
603.001,1594205106.000,39.993622,-0.069477,160.000,178.500,38.0,8,4
603.0079999999999,1594205106.000,39.993622,-0.069477,160.000,178.500,38.0,8,4
603.999,1594205107.000,39.993627,-0.069474,159.000,186.800,42.0,8,4
604.016,1594205107.000,39.993627,-0.069474,159.000,186.800,42.0,8,4
605.045,1594205108.000,39.993615,-0.069479,159.000,186.000,40.0,8,5
605.053,1594205108.000,39.993615,-0.069479,159.000,186.000,40.0,8,5
605.977,1594205109.000,39.993617,-0.069474,156.000,182.700,41.0,8,5
605.986,1594205109.000,39.993617,-0.069474,156.000,182.700,41.0,8,5
607.01,1594205110.000,39.993645,-0.069456,151.000,181.700,38.0,8,5
607.033,1594205110.000,39.993645,-0.069456,151.000,181.700,38.0,8,5
607.992,1594205111.000,39.993655,-0.069442,153.000,180.700,37.0,9,5
607.996,1594205111.000,39.993655,-0.069442,153.000,180.700,37.0,9,5
608.9879999999999,1594205112.000,39.993657,-0.069444,156.000,179.800,41.0,9,5
608.9979999999999,1594205112.000,39.993657,-0.069444,156.000,179.800,41.0,9,5
610.0,1594205113.000,39.993655,-0.069447,159.000,186.100,39.0,10,5
610.009,1594205113.000,39.993655,-0.069447,159.000,186.100,39.0,10,5
610.999,1594205114.000,39.993661,-0.069447,162.000,185.700,42.0,10,5
611.006,1594205114.000,39.993661,-0.069447,162.000,185.700,42.0,10,5
611.9689999999999,1594205115.000,39.993659,-0.069466,160.000,201.100,42.0,10,5
611.973,1594205115.000,39.993659,-0.069466,160.000,201.100,42.0,10,5
612.9879999999999,1594205116.000,39.993656,-0.069470,160.000,208.800,42.0,10,5
612.995,1594205116.000,39.993656,-0.069470,160.000,208.800,42.0,10,5
613.9879999999999,1594205117.000,39.993660,-0.069467,162.000,210.400,43.0,11,4
614.011,1594205117.000,39.993660,-0.069467,162.000,210.400,43.0,11,4
615.0079999999999,1594205118.000,39.993677,-0.069493,159.000,212.000,42.0,12,4
615.021,1594205118.000,39.993677,-0.069493,159.000,212.000,42.0,12,4
615.985,1594205119.000,39.993669,-0.069478,158.000,213.600,39.0,11,4
615.991,1594205119.000,39.993669,-0.069478,158.000,213.600,39.0,11,4
616.958,1594205120.000,39.993674,-0.069480,158.000,215.200,43.0,11,5
616.9639999999999,1594205120.000,39.993674,-0.069480,158.000,215.200,43.0,11,5
618.018,1594205121.000,39.993680,-0.069470,160.000,216.800,40.0,11,5
618.0269999999999,1594205121.000,39.993680,-0.069470,160.000,216.800,40.0,11,5
618.99,1594205122.000,39.993693,-0.069450,161.000,308.300,41.0,11,5
618.999,1594205122.000,39.993693,-0.069450,161.000,308.300,41.0,11,5
620.002,1594205123.000,39.993705,-0.069468,159.000,336.000,43.0,11,5
620.0319999999999,1594205123.000,39.993705,-0.069468,159.000,336.000,43.0,11,5
620.98,1594205124.000,39.993726,-0.069474,159.000,355.100,40.0,11,5
621.0079999999999,1594205124.000,39.993726,-0.069474,159.000,355.100,40.0,11,5
621.963,1594205125.000,39.993714,-0.069435,159.000,28.700,31.0,11,4
621.973,1594205125.000,39.993714,-0.069435,159.000,28.700,31.0,11,4
622.982,1594205126.000,39.993714,-0.069443,159.000,33.100,34.0,12,5
622.99,1594205126.000,39.993714,-0.069443,159.000,33.100,34.0,12,5
623.986,1594205127.000,39.993709,-0.069446,159.000,45.800,34.0,11,5
623.995,1594205127.000,39.993709,-0.069446,159.000,45.800,34.0,11,5
624.977,1594205128.000,39.993634,-0.069505,159.000,68.600,30.0,11,4
624.996,1594205128.000,39.993634,-0.069505,159.000,68.600,30.0,11,4
625.986,1594205129.000,39.993576,-0.069525,165.000,91.100,26.0,11,4
625.991,1594205129.000,39.993576,-0.069525,165.000,91.100,26.0,11,4
626.978,1594205130.000,39.993573,-0.069513,161.000,108.700,25.0,11,4
626.987,1594205130.000,39.993573,-0.069513,161.000,108.700,25.0,11,4
627.9839999999999,1594205131.000,39.993570,-0.069492,160.000,117.100,28.0,11,4
627.9929999999999,1594205131.000,39.993570,-0.069492,160.000,117.100,28.0,11,4
628.978,1594205132.000,39.993591,-0.069497,159.000,79.500,30.0,10,5
628.991,1594205132.000,39.993591,-0.069497,159.000,79.500,30.0,10,5
630.023,1594205133.000,39.993603,-0.069466,156.000,69.800,27.0,10,4
630.03,1594205133.000,39.993603,-0.069466,156.000,69.800,27.0,10,4
630.957,1594205134.000,39.993594,-0.069460,155.000,75.500,25.0,10,4
630.973,1594205134.000,39.993594,-0.069460,155.000,75.500,25.0,10,4
631.978,1594205135.000,39.993603,-0.069440,153.000,58.400,22.0,10,4
631.983,1594205135.000,39.993603,-0.069440,153.000,58.400,22.0,10,4
632.995,1594205136.000,39.993599,-0.069439,153.000,61.300,27.0,10,5
633.024,1594205136.000,39.993599,-0.069439,153.000,61.300,27.0,10,5
633.9789999999999,1594205137.000,39.993602,-0.069435,153.000,56.400,31.0,10,4
633.9879999999999,1594205137.000,39.993602,-0.069435,153.000,56.400,31.0,10,4
635.006,1594205138.000,39.993607,-0.069440,153.000,57.800,31.0,10,5
635.013,1594205138.000,39.993607,-0.069440,153.000,57.800,31.0,10,5
635.9979999999999,1594205139.000,39.993613,-0.069437,152.000,48.900,32.0,10,5
636.006,1594205139.000,39.993613,-0.069437,152.000,48.900,32.0,10,5
636.996,1594205140.000,39.993618,-0.069436,152.000,49.500,34.0,10,5
637.013,1594205140.000,39.993618,-0.069436,152.000,49.500,34.0,10,5
637.97,1594205141.000,39.993640,-0.069426,154.000,40.900,34.0,10,5
637.986,1594205141.000,39.993640,-0.069426,154.000,40.900,34.0,10,5
638.967,1594205142.000,39.993633,-0.069467,154.000,40.700,31.0,10,4
638.983,1594205142.000,39.993633,-0.069467,154.000,40.700,31.0,10,4
639.968,1594205143.000,39.993636,-0.069497,155.000,33.000,33.0,10,4
639.987,1594205143.000,39.993636,-0.069497,155.000,33.000,33.0,10,4
640.958,1594205144.000,39.993613,-0.069498,154.000,32.100,32.0,10,4
640.986,1594205144.000,39.993613,-0.069498,154.000,32.100,32.0,10,4
641.967,1594205145.000,39.993628,-0.069519,153.000,17.400,33.0,10,4
641.982,1594205145.000,39.993628,-0.069519,153.000,17.400,33.0,10,4
642.963,1594205146.000,39.993632,-0.069516,153.000,15.300,35.0,10,5
642.9789999999999,1594205146.000,39.993632,-0.069516,153.000,15.300,35.0,10,5
643.9739999999999,1594205147.000,39.993677,-0.069477,155.000,15.700,37.0,10,4
643.995,1594205147.000,39.993677,-0.069477,155.000,15.700,37.0,10,4
644.957,1594205148.000,39.993671,-0.069484,156.000,18.800,36.0,10,4
644.9739999999999,1594205148.000,39.993671,-0.069484,156.000,18.800,36.0,10,4
647.9689999999999,1594205151.000,39.993609,-0.069488,157.000,14.600,41.0,10,4
647.98,1594205151.000,39.993609,-0.069488,157.000,14.600,41.0,10,4
649.966,1594205153.000,39.993599,-0.069416,156.000,52.700,41.0,10,4
649.981,1594205153.000,39.993599,-0.069416,156.000,52.700,41.0,10,4
651.9639999999999,1594205155.000,39.993622,-0.069420,156.000,61.900,41.0,10,4
651.972,1594205155.000,39.993622,-0.069420,156.000,61.900,41.0,10,4
652.967,1594205156.000,39.993638,-0.069393,156.000,61.200,42.0,10,4
652.976,1594205156.000,39.993638,-0.069393,156.000,61.200,42.0,10,4
653.962,1594205157.000,39.993650,-0.069393,157.000,55.700,42.0,10,4
653.975,1594205157.000,39.993650,-0.069393,157.000,55.700,42.0,10,4
654.951,1594205158.000,39.993634,-0.069434,157.000,39.900,42.0,8,4
654.961,1594205158.000,39.993634,-0.069434,157.000,39.900,42.0,8,4
655.958,1594205159.000,39.993613,-0.069478,157.000,33.400,41.0,9,4
655.965,1594205159.000,39.993613,-0.069478,157.000,33.400,41.0,9,4
656.97,1594205160.000,39.993622,-0.069519,156.000,15.100,41.0,9,4
656.9839999999999,1594205160.000,39.993622,-0.069519,156.000,15.100,41.0,9,4
658.978,1594205162.000,39.993710,-0.069461,158.000,4.200,39.0,9,4
658.9879999999999,1594205162.000,39.993710,-0.069461,158.000,4.200,39.0,9,4
659.966,1594205163.000,39.993739,-0.069437,158.000,5.700,35.0,9,4
659.976,1594205163.000,39.993739,-0.069437,158.000,5.700,35.0,9,4
679.925,1594205183.000,39.993986,-0.069223,110.000,30.800,46.0,10,5
679.951,1594205183.000,39.993986,-0.069223,110.000,30.800,46.0,10,5
680.946,1594205184.000,39.994002,-0.069226,110.000,23.900,48.0,10,5
680.97,1594205184.000,39.994002,-0.069226,110.000,23.900,48.0,10,5
681.9599999999999,1594205185.000,39.994008,-0.069247,108.000,19.200,48.0,10,5
681.973,1594205185.000,39.994008,-0.069247,108.000,19.200,48.0,10,5
682.961,1594205186.000,39.994017,-0.069265,118.000,6.800,49.0,10,5
682.9689999999999,1594205186.000,39.994017,-0.069265,118.000,6.800,49.0,10,5
683.941,1594205187.000,39.994052,-0.069268,119.000,7.400,44.0,10,4
683.952,1594205187.000,39.994052,-0.069268,119.000,7.400,44.0,10,4
685.949,1594205189.000,39.994105,-0.069225,126.000,17.700,43.0,10,4
685.961,1594205189.000,39.994105,-0.069225,126.000,17.700,43.0,10,4
686.953,1594205190.000,39.994162,-0.069253,122.000,11.900,42.0,10,4
686.976,1594205190.000,39.994162,-0.069253,122.000,11.900,42.0,10,4
687.938,1594205191.000,39.994176,-0.069263,125.000,10.500,43.0,10,4
687.9449999999999,1594205191.000,39.994176,-0.069263,125.000,10.500,43.0,10,4
688.9739999999999,1594205192.000,39.994176,-0.069261,125.000,9.700,43.0,10,5
688.9879999999999,1594205192.000,39.994176,-0.069261,125.000,9.700,43.0,10,5
689.962,1594205193.000,39.994198,-0.069234,129.000,19.000,41.0,10,5
689.967,1594205193.000,39.994198,-0.069234,129.000,19.000,41.0,10,5
690.924,1594205194.000,39.994226,-0.069186,132.000,22.100,33.0,10,4
690.953,1594205194.000,39.994226,-0.069186,132.000,22.100,33.0,10,4
691.9449999999999,1594205195.000,39.994247,-0.069175,131.000,19.300,34.0,11,4
691.9499999999999,1594205195.000,39.994247,-0.069175,131.000,19.300,34.0,11,4
692.932,1594205196.000,39.994228,-0.069221,133.000,12.600,32.0,11,4
692.937,1594205196.000,39.994228,-0.069221,133.000,12.600,32.0,11,4
693.973,1594205197.000,39.994236,-0.069201,133.000,22.500,33.0,11,5
693.996,1594205197.000,39.994236,-0.069201,133.000,22.500,33.0,11,5
694.983,1594205198.000,39.994245,-0.069189,132.000,26.800,34.0,11,5
694.994,1594205198.000,39.994245,-0.069189,132.000,26.800,34.0,11,5
695.949,1594205199.000,39.994248,-0.069191,132.000,30.500,37.0,10,5
695.958,1594205199.000,39.994248,-0.069191,132.000,30.500,37.0,10,5
696.9689999999999,1594205200.000,39.994248,-0.069194,132.000,34.300,37.0,11,5
696.9929999999999,1594205200.000,39.994248,-0.069194,132.000,34.300,37.0,11,5
697.949,1594205201.000,39.994245,-0.069186,131.000,38.400,40.0,12,5
697.9599999999999,1594205201.000,39.994245,-0.069186,131.000,38.400,40.0,12,5
698.935,1594205202.000,39.994249,-0.069200,130.000,36.300,37.0,12,5
698.948,1594205202.000,39.994249,-0.069200,130.000,36.300,37.0,12,5
699.9309999999999,1594205203.000,39.994249,-0.069200,128.000,32.000,40.0,11,5
699.953,1594205203.000,39.994249,-0.069200,128.000,32.000,40.0,11,5
700.918,1594205204.000,39.994271,-0.069176,131.000,31.900,37.0,11,5
700.937,1594205204.000,39.994271,-0.069176,131.000,31.900,37.0,11,5
701.982,1594205205.000,39.994274,-0.069170,131.000,32.700,38.0,10,5
701.989,1594205205.000,39.994274,-0.069170,131.000,32.700,38.0,10,5
702.943,1594205206.000,39.994270,-0.069168,131.000,33.400,38.0,10,5
702.9549999999999,1594205206.000,39.994270,-0.069168,131.000,33.400,38.0,10,5
703.965,1594205207.000,39.994263,-0.069172,131.000,38.200,40.0,10,5
703.9739999999999,1594205207.000,39.994263,-0.069172,131.000,38.200,40.0,10,5
704.948,1594205208.000,39.994249,-0.069175,129.000,39.400,41.0,9,5
704.954,1594205208.000,39.994249,-0.069175,129.000,39.400,41.0,9,5
705.92,1594205209.000,39.994244,-0.069167,129.000,40.700,42.0,7,5
705.93,1594205209.000,39.994244,-0.069167,129.000,40.700,42.0,7,5
706.929,1594205210.000,39.994312,-0.069095,127.000,50.700,37.0,7,4
706.949,1594205210.000,39.994312,-0.069095,127.000,50.700,37.0,7,4
707.9259999999999,1594205211.000,39.994288,-0.069100,125.000,48.600,31.0,6,4
707.938,1594205211.000,39.994288,-0.069100,125.000,48.600,31.0,6,4
708.9259999999999,1594205212.000,39.994285,-0.069102,126.000,50.300,33.0,6,5
708.9309999999999,1594205212.000,39.994285,-0.069102,126.000,50.300,33.0,6,5
709.958,1594205213.000,39.994250,-0.069156,125.000,52.000,29.0,7,4
709.9739999999999,1594205213.000,39.994250,-0.069156,125.000,52.000,29.0,7,4
710.9309999999999,1594205214.000,39.994243,-0.069165,125.000,53.700,33.0,7,5
710.9399999999999,1594205214.000,39.994243,-0.069165,125.000,53.700,33.0,7,5
711.9549999999999,1594205215.000,39.994231,-0.069170,125.000,55.400,31.0,7,5
711.971,1594205215.000,39.994231,-0.069170,125.000,55.400,31.0,7,5
712.932,1594205216.000,39.994224,-0.069182,124.000,57.200,32.0,7,5
712.965,1594205216.000,39.994224,-0.069182,124.000,57.200,32.0,7,5
713.966,1594205217.000,39.994221,-0.069185,126.000,51.900,32.0,7,5
713.9789999999999,1594205217.000,39.994221,-0.069185,126.000,51.900,32.0,7,5
714.925,1594205218.000,39.994227,-0.069183,126.000,52.600,33.0,7,5
714.935,1594205218.000,39.994227,-0.069183,126.000,52.600,33.0,7,5
715.973,1594205219.000,39.994243,-0.069177,127.000,30.600,33.0,7,5
715.982,1594205219.000,39.994243,-0.069177,127.000,30.600,33.0,7,5
716.9309999999999,1594205220.000,39.994245,-0.069179,127.000,29.900,33.0,7,5
716.944,1594205220.000,39.994245,-0.069179,127.000,29.900,33.0,7,5
717.9309999999999,1594205221.000,39.994250,-0.069181,127.000,29.300,34.0,8,5
717.938,1594205221.000,39.994250,-0.069181,127.000,29.300,34.0,8,5
718.908,1594205222.000,39.994264,-0.069183,127.000,22.500,29.0,9,5
718.918,1594205222.000,39.994264,-0.069183,127.000,22.500,29.0,9,5
719.9789999999999,1594205223.000,39.994266,-0.069184,126.000,23.700,24.0,9,5
719.986,1594205223.000,39.994266,-0.069184,126.000,23.700,24.0,9,5
720.938,1594205224.000,39.994250,-0.069205,125.000,345.500,27.0,9,5
720.952,1594205224.000,39.994250,-0.069205,125.000,345.500,27.0,9,5
721.923,1594205225.000,39.994233,-0.069230,124.000,326.700,30.0,7,5
721.933,1594205225.000,39.994233,-0.069230,124.000,326.700,30.0,7,5
722.932,1594205226.000,39.994216,-0.069258,124.000,306.600,29.0,8,5
722.941,1594205226.000,39.994216,-0.069258,124.000,306.600,29.0,8,5
723.9399999999999,1594205227.000,39.994232,-0.069255,124.000,305.400,30.0,8,5
723.958,1594205227.000,39.994232,-0.069255,124.000,305.400,30.0,8,5
724.949,1594205228.000,39.994239,-0.069252,125.000,307.400,29.0,8,5
724.966,1594205228.000,39.994239,-0.069252,125.000,307.400,29.0,8,5
725.963,1594205229.000,39.994238,-0.069236,125.000,305.000,33.0,8,5
725.973,1594205229.000,39.994238,-0.069236,125.000,305.000,33.0,8,5
726.906,1594205230.000,39.994231,-0.069245,125.000,302.700,32.0,8,5
726.935,1594205230.000,39.994231,-0.069245,125.000,302.700,32.0,8,5
727.936,1594205231.000,39.994223,-0.069259,124.000,303.600,32.0,7,5
727.942,1594205231.000,39.994223,-0.069259,124.000,303.600,32.0,7,5
728.924,1594205232.000,39.994234,-0.069264,124.000,322.200,30.0,8,5
728.928,1594205232.000,39.994234,-0.069264,124.000,322.200,30.0,8,5
729.954,1594205233.000,39.994261,-0.069242,124.000,336.300,30.0,8,5
729.97,1594205233.000,39.994261,-0.069242,124.000,336.300,30.0,8,5
730.942,1594205234.000,39.994271,-0.069255,124.000,340.300,34.0,8,5
730.9449999999999,1594205234.000,39.994271,-0.069255,124.000,340.300,34.0,8,5
731.92,1594205235.000,39.994266,-0.069230,123.000,334.700,28.0,8,4
731.933,1594205235.000,39.994266,-0.069230,123.000,334.700,28.0,8,4
732.913,1594205236.000,39.994246,-0.069239,122.000,335.300,25.0,8,4
732.929,1594205236.000,39.994246,-0.069239,122.000,335.300,25.0,8,4
733.92,1594205237.000,39.994263,-0.069262,124.000,320.400,24.0,7,4
733.932,1594205237.000,39.994263,-0.069262,124.000,320.400,24.0,7,4
734.935,1594205238.000,39.994262,-0.069276,124.000,316.100,21.0,7,5
734.946,1594205238.000,39.994262,-0.069276,124.000,316.100,21.0,7,5
735.9689999999999,1594205239.000,39.994264,-0.069298,123.000,315.100,22.0,7,5
735.9739999999999,1594205239.000,39.994264,-0.069298,123.000,315.100,22.0,7,5
736.933,1594205240.000,39.994286,-0.069304,124.000,327.500,21.0,8,5
736.938,1594205240.000,39.994286,-0.069304,124.000,327.500,21.0,8,5
737.924,1594205241.000,39.994302,-0.069316,125.000,326.100,19.0,8,5
737.9599999999999,1594205241.000,39.994302,-0.069316,125.000,326.100,19.0,8,5
738.889,1594205242.000,39.994261,-0.069347,124.000,320.100,21.0,8,4
738.91,1594205242.000,39.994261,-0.069347,124.000,320.100,21.0,8,4
739.919,1594205243.000,39.994243,-0.069362,122.000,319.300,21.0,8,4
739.925,1594205243.000,39.994243,-0.069362,122.000,319.300,21.0,8,4
740.923,1594205244.000,39.994209,-0.069392,122.000,310.800,21.0,8,4
740.928,1594205244.000,39.994209,-0.069392,122.000,310.800,21.0,8,4
741.947,1594205245.000,39.994190,-0.069393,121.000,307.700,22.0,8,4
741.9549999999999,1594205245.000,39.994190,-0.069393,121.000,307.700,22.0,8,4
742.9599999999999,1594205246.000,39.994188,-0.069404,121.000,305.400,21.0,8,4
742.967,1594205246.000,39.994188,-0.069404,121.000,305.400,21.0,8,4
743.92,1594205247.000,39.994186,-0.069414,121.000,298.800,25.0,8,4
743.925,1594205247.000,39.994186,-0.069414,121.000,298.800,25.0,8,4
744.929,1594205248.000,39.994221,-0.069374,121.000,313.500,21.0,7,4
744.938,1594205248.000,39.994221,-0.069374,121.000,313.500,21.0,7,4
745.911,1594205249.000,39.994226,-0.069382,120.000,316.800,27.0,7,4
745.924,1594205249.000,39.994226,-0.069382,120.000,316.800,27.0,7,4
746.935,1594205250.000,39.994256,-0.069426,122.000,309.900,26.0,6,4
746.948,1594205250.000,39.994256,-0.069426,122.000,309.900,26.0,6,4
747.9209999999999,1594205251.000,39.994260,-0.069428,122.000,310.100,30.0,7,4
747.927,1594205251.000,39.994260,-0.069428,122.000,310.100,30.0,7,4
748.912,1594205252.000,39.994228,-0.069482,121.000,302.900,31.0,8,4
748.925,1594205252.000,39.994228,-0.069482,121.000,302.900,31.0,8,4
749.93,1594205253.000,39.994231,-0.069506,121.000,297.900,33.0,8,4
749.937,1594205253.000,39.994231,-0.069506,121.000,297.900,33.0,8,4
751.918,1594205255.000,39.994254,-0.069549,122.000,296.400,35.0,8,4
751.932,1594205255.000,39.994254,-0.069549,122.000,296.400,35.0,8,4
752.914,1594205256.000,39.994272,-0.069584,122.000,294.700,36.0,8,4
752.922,1594205256.000,39.994272,-0.069584,122.000,294.700,36.0,8,4
753.947,1594205257.000,39.994284,-0.069591,122.000,293.000,38.0,6,4
753.952,1594205257.000,39.994284,-0.069591,122.000,293.000,38.0,6,4
757.938,1594205261.000,39.994325,-0.069625,121.000,264.000,42.0,8,4
757.9449999999999,1594205261.000,39.994325,-0.069625,121.000,264.000,42.0,8,4
764.946,1594205268.000,39.994519,-0.069741,113.000,252.100,41.0,10,4
764.959,1594205268.000,39.994519,-0.069741,113.000,252.100,41.0,10,4
920.939,1594205424.000,39.993468,-0.069277,232.000,357.400,58.0,6,4
920.965,1594205424.000,39.993468,-0.069277,232.000,357.400,58.0,6,4
921.953,1594205425.000,39.993554,-0.069275,214.000,7.300,53.0,6,4
921.967,1594205425.000,39.993554,-0.069275,214.000,7.300,53.0,6,4
922.941,1594205426.000,39.993579,-0.069265,212.000,14.800,53.0,6,5
922.9599999999999,1594205426.000,39.993579,-0.069265,212.000,14.800,53.0,6,5
923.97,1594205427.000,39.993582,-0.069311,210.000,18.300,54.0,7,5
923.9789999999999,1594205427.000,39.993582,-0.069311,210.000,18.300,54.0,7,5
924.954,1594205428.000,39.993587,-0.069331,204.000,16.700,54.0,7,5
924.9599999999999,1594205428.000,39.993587,-0.069331,204.000,16.700,54.0,7,5
925.923,1594205429.000,39.993593,-0.069335,201.000,10.000,57.0,7,5
925.943,1594205429.000,39.993593,-0.069335,201.000,10.000,57.0,7,5
926.943,1594205430.000,39.993621,-0.069319,197.000,4.400,54.0,7,5
926.952,1594205430.000,39.993621,-0.069319,197.000,4.400,54.0,7,5
927.952,1594205431.000,39.993695,-0.069225,181.000,4.000,52.0,7,4
927.967,1594205431.000,39.993695,-0.069225,181.000,4.000,52.0,7,4
929.947,1594205433.000,39.993875,-0.069114,143.000,11.000,55.0,7,4
929.983,1594205433.000,39.993875,-0.069114,143.000,11.000,55.0,7,4
930.935,1594205434.000,39.993964,-0.069078,137.000,30.400,52.0,6,4
930.9449999999999,1594205434.000,39.993964,-0.069078,137.000,30.400,52.0,6,4
931.917,1594205435.000,39.993983,-0.069030,122.000,41.200,52.0,6,4
931.935,1594205435.000,39.993983,-0.069030,122.000,41.200,52.0,6,4
943.952,1594205447.000,39.994310,-0.069477,114.000,175.000,85.0,6,4
943.963,1594205447.000,39.994310,-0.069477,114.000,175.000,85.0,6,4
944.934,1594205448.000,39.994338,-0.069463,113.000,185.500,67.0,6,4
944.951,1594205448.000,39.994338,-0.069463,113.000,185.500,67.0,6,4
945.9549999999999,1594205449.000,39.994312,-0.069470,125.000,208.800,57.0,5,4
945.965,1594205449.000,39.994312,-0.069470,125.000,208.800,57.0,5,4
946.9309999999999,1594205450.000,39.994251,-0.069465,120.000,211.200,54.0,5,4
946.949,1594205450.000,39.994251,-0.069465,120.000,211.200,54.0,5,4
947.932,1594205451.000,39.994311,-0.069459,117.000,222.000,54.0,4,4
947.951,1594205451.000,39.994311,-0.069459,117.000,222.000,54.0,4,4
948.939,1594205452.000,39.994252,-0.069454,116.000,217.400,55.0,4,4
948.951,1594205452.000,39.994252,-0.069454,116.000,217.400,55.0,4,4
949.9499999999999,1594205453.000,39.994230,-0.069503,114.000,220.400,54.0,4,4
949.9689999999999,1594205453.000,39.994230,-0.069503,114.000,220.400,54.0,4,4
950.9259999999999,1594205454.000,39.994226,-0.069511,111.000,229.500,58.0,5,5
950.937,1594205454.000,39.994226,-0.069511,111.000,229.500,58.0,5,5
951.913,1594205455.000,39.994225,-0.069522,108.000,240.100,59.0,5,5
951.919,1594205455.000,39.994225,-0.069522,108.000,240.100,59.0,5,5
952.912,1594205456.000,39.994222,-0.069532,106.000,248.200,62.0,5,5
952.923,1594205456.000,39.994222,-0.069532,106.000,248.200,62.0,5,5
953.904,1594205457.000,39.994211,-0.069540,105.000,252.900,63.0,5,5
953.919,1594205457.000,39.994211,-0.069540,105.000,252.900,63.0,5,5
955.947,1594205459.000,39.994165,-0.069528,107.000,260.300,58.0,5,4
955.966,1594205459.000,39.994165,-0.069528,107.000,260.300,58.0,5,4
956.9209999999999,1594205460.000,39.994171,-0.069532,115.000,257.900,60.0,5,4
956.935,1594205460.000,39.994171,-0.069532,115.000,257.900,60.0,5,4
960.901,1594205464.000,39.994182,-0.069333,124.000,282.600,50.0,5,4
960.922,1594205464.000,39.994182,-0.069333,124.000,282.600,50.0,5,4
961.927,1594205465.000,39.994169,-0.069343,122.000,288.800,51.0,5,5
961.959,1594205465.000,39.994169,-0.069343,122.000,288.800,51.0,5,5
962.899,1594205466.000,39.994161,-0.069342,122.000,294.900,49.0,5,5
962.93,1594205466.000,39.994161,-0.069342,122.000,294.900,49.0,5,5
963.912,1594205467.000,39.994165,-0.069337,123.000,271.000,52.0,5,5
963.919,1594205467.000,39.994165,-0.069337,123.000,271.000,52.0,5,5
964.904,1594205468.000,39.994179,-0.069335,124.000,0.000,52.0,5,5
964.9259999999999,1594205468.000,39.994179,-0.069335,124.000,0.000,52.0,5,5
965.919,1594205469.000,39.994178,-0.069332,124.000,266.000,53.0,5,5
965.928,1594205469.000,39.994178,-0.069332,124.000,266.000,53.0,5,5
966.9,1594205470.000,39.994191,-0.069342,133.000,264.200,50.0,5,5
966.915,1594205470.000,39.994191,-0.069342,133.000,264.200,50.0,5,5
967.918,1594205471.000,39.994174,-0.069355,136.000,265.100,49.0,5,5
967.9309999999999,1594205471.000,39.994174,-0.069355,136.000,265.100,49.0,5,5
968.952,1594205472.000,39.994167,-0.069347,139.000,291.100,50.0,5,5
968.959,1594205472.000,39.994167,-0.069347,139.000,291.100,50.0,5,5
969.9499999999999,1594205473.000,39.994154,-0.069355,141.000,310.500,50.0,5,5
969.97,1594205473.000,39.994154,-0.069355,141.000,310.500,50.0,5,5
970.939,1594205474.000,39.994144,-0.069378,139.000,318.000,43.0,5,5
970.943,1594205474.000,39.994144,-0.069378,139.000,318.000,43.0,5,5
971.946,1594205475.000,39.994160,-0.069382,144.000,326.100,45.0,5,5
971.963,1594205475.000,39.994160,-0.069382,144.000,326.100,45.0,5,5
972.948,1594205476.000,39.994161,-0.069372,142.000,329.100,44.0,5,5
972.962,1594205476.000,39.994161,-0.069372,142.000,329.100,44.0,5,5
973.926,1594205477.000,39.994164,-0.069380,140.000,340.200,45.0,5,5
973.945,1594205477.000,39.994164,-0.069380,140.000,340.200,45.0,5,5
974.909,1594205478.000,39.994179,-0.069369,137.000,349.500,44.0,5,5
974.9319999999999,1594205478.000,39.994179,-0.069369,137.000,349.500,44.0,5,5
975.8949999999999,1594205479.000,39.994203,-0.069364,137.000,351.800,40.0,5,5
975.9019999999999,1594205479.000,39.994203,-0.069364,137.000,351.800,40.0,5,5
976.947,1594205480.000,39.994216,-0.069370,135.000,344.500,40.0,7,5
976.9530000000001,1594205480.000,39.994216,-0.069370,135.000,344.500,40.0,7,5
977.9240000000001,1594205481.000,39.994233,-0.069357,129.000,337.700,27.0,7,4
977.9399999999999,1594205481.000,39.994233,-0.069357,129.000,337.700,27.0,7,4
978.9229999999999,1594205482.000,39.994229,-0.069381,129.000,333.900,26.0,7,5
978.9599999999999,1594205482.000,39.994229,-0.069381,129.000,333.900,26.0,7,5
979.91,1594205483.000,39.994228,-0.069402,129.000,336.500,23.0,7,5
979.9340000000001,1594205483.000,39.994228,-0.069402,129.000,336.500,23.0,7,5
980.918,1594205484.000,39.994237,-0.069405,129.000,3.400,21.0,7,5
980.9350000000001,1594205484.000,39.994237,-0.069405,129.000,3.400,21.0,7,5
981.919,1594205485.000,39.994204,-0.069414,127.000,15.100,20.0,6,5
981.9319999999999,1594205485.000,39.994204,-0.069414,127.000,15.100,20.0,6,5
982.9399999999999,1594205486.000,39.994174,-0.069423,126.000,46.300,18.0,7,5
982.948,1594205486.000,39.994174,-0.069423,126.000,46.300,18.0,7,5
983.939,1594205487.000,39.994146,-0.069419,126.000,73.800,19.0,8,5
983.946,1594205487.000,39.994146,-0.069419,126.000,73.800,19.0,8,5
984.9209999999999,1594205488.000,39.994126,-0.069417,126.000,90.700,16.0,8,5
984.9350000000001,1594205488.000,39.994126,-0.069417,126.000,90.700,16.0,8,5
985.9250000000001,1594205489.000,39.994117,-0.069402,126.000,94.200,15.0,8,5
985.939,1594205489.000,39.994117,-0.069402,126.000,94.200,15.0,8,5
986.9250000000001,1594205490.000,39.994101,-0.069401,125.000,105.400,15.0,8,5
986.965,1594205490.000,39.994101,-0.069401,125.000,105.400,15.0,8,5
987.938,1594205491.000,39.994095,-0.069394,125.000,91.500,14.0,8,5
987.946,1594205491.000,39.994095,-0.069394,125.000,91.500,14.0,8,5
988.965,1594205492.000,39.994107,-0.069368,126.000,73.000,14.0,10,5
988.9719999999999,1594205492.000,39.994107,-0.069368,126.000,73.000,14.0,10,5
989.9619999999999,1594205493.000,39.994106,-0.069361,125.000,69.500,14.0,10,5
989.965,1594205493.000,39.994106,-0.069361,125.000,69.500,14.0,10,5
990.959,1594205494.000,39.994106,-0.069352,125.000,71.600,15.0,10,5
990.9699999999999,1594205494.000,39.994106,-0.069352,125.000,71.600,15.0,10,5
991.9319999999999,1594205495.000,39.994096,-0.069354,124.000,81.800,15.0,10,5
991.938,1594205495.000,39.994096,-0.069354,124.000,81.800,15.0,10,5
992.8960000000001,1594205496.000,39.994093,-0.069334,125.000,93.700,16.0,10,5
992.908,1594205496.000,39.994093,-0.069334,125.000,93.700,16.0,10,5
993.938,1594205497.000,39.994079,-0.069333,125.000,117.700,16.0,10,5
993.947,1594205497.000,39.994079,-0.069333,125.000,117.700,16.0,10,5
994.946,1594205498.000,39.994063,-0.069334,124.000,149.700,16.0,10,5
994.9609999999999,1594205498.000,39.994063,-0.069334,124.000,149.700,16.0,10,5
995.897,1594205499.000,39.994045,-0.069336,124.000,173.400,16.0,10,5
995.9119999999999,1594205499.000,39.994045,-0.069336,124.000,173.400,16.0,10,5
996.9250000000001,1594205500.000,39.994035,-0.069336,123.000,189.800,17.0,10,5
996.936,1594205500.000,39.994035,-0.069336,123.000,189.800,17.0,10,5
997.901,1594205501.000,39.994024,-0.069340,123.000,210.300,18.0,9,5
997.9219999999999,1594205501.000,39.994024,-0.069340,123.000,210.300,18.0,9,5
998.908,1594205502.000,39.994012,-0.069348,122.000,225.700,19.0,10,5
998.926,1594205502.000,39.994012,-0.069348,122.000,225.700,19.0,10,5
999.926,1594205503.000,39.994007,-0.069352,122.000,243.800,18.0,10,5
999.9329999999999,1594205503.000,39.994007,-0.069352,122.000,243.800,18.0,10,5
1000.929,1594205504.000,39.994009,-0.069352,122.000,264.200,19.0,10,5
1000.9440000000001,1594205504.000,39.994009,-0.069352,122.000,264.200,19.0,10,5
1001.8929999999999,1594205505.000,39.994015,-0.069376,122.000,290.800,18.0,10,5
1001.9340000000001,1594205505.000,39.994015,-0.069376,122.000,290.800,18.0,10,5
1002.9309999999999,1594205506.000,39.994019,-0.069387,122.000,308.900,19.0,10,5
1002.9409999999999,1594205506.000,39.994019,-0.069387,122.000,308.900,19.0,10,5
1003.911,1594205507.000,39.994029,-0.069388,122.000,327.300,16.0,10,5
1003.9499999999999,1594205507.000,39.994029,-0.069388,122.000,327.300,16.0,10,5
1004.929,1594205508.000,39.994052,-0.069377,123.000,351.500,16.0,10,5
1004.956,1594205508.000,39.994052,-0.069377,123.000,351.500,16.0,10,5
1005.917,1594205509.000,39.994065,-0.069380,123.000,349.000,19.0,10,5
1005.939,1594205509.000,39.994065,-0.069380,123.000,349.000,19.0,10,5
1006.9139999999999,1594205510.000,39.994074,-0.069390,123.000,351.800,16.0,10,5
1006.9240000000001,1594205510.000,39.994074,-0.069390,123.000,351.800,16.0,10,5
1007.899,1594205511.000,39.994095,-0.069388,123.000,358.500,19.0,10,5
1007.9129999999999,1594205511.000,39.994095,-0.069388,123.000,358.500,19.0,10,5
1008.9399999999999,1594205512.000,39.994098,-0.069397,123.000,5.400,21.0,10,5
1008.957,1594205512.000,39.994098,-0.069397,123.000,5.400,21.0,10,5
1009.9250000000001,1594205513.000,39.994097,-0.069411,123.000,2.000,19.0,11,5
1009.9340000000001,1594205513.000,39.994097,-0.069411,123.000,2.000,19.0,11,5
1010.9150000000001,1594205514.000,39.994092,-0.069427,123.000,344.900,19.0,11,5
1010.9319999999999,1594205514.000,39.994092,-0.069427,123.000,344.900,19.0,11,5
1011.984,1594205515.000,39.994092,-0.069450,123.000,333.300,20.0,11,5
1011.993,1594205515.000,39.994092,-0.069450,123.000,333.300,20.0,11,5
1013.0199999999999,1594205516.000,39.994098,-0.069461,123.000,341.000,21.0,12,5
1013.032,1594205516.000,39.994098,-0.069461,123.000,341.000,21.0,12,5
1014.0210000000001,1594205517.000,39.994110,-0.069460,123.000,16.000,21.0,12,5
1014.0269999999999,1594205517.000,39.994110,-0.069460,123.000,16.000,21.0,12,5
1014.9129999999999,1594205518.000,39.994106,-0.069456,122.000,33.000,20.0,12,5
1014.916,1594205518.000,39.994106,-0.069456,122.000,33.000,20.0,12,5
1016.022,1594205519.000,39.994099,-0.069474,123.000,42.000,19.0,10,4
1016.034,1594205519.000,39.994099,-0.069474,123.000,42.000,19.0,10,4
1017.023,1594205520.000,39.994107,-0.069483,124.000,26.600,20.0,10,6
1017.0279999999999,1594205520.000,39.994107,-0.069483,124.000,26.600,20.0,10,6
1018.0479999999999,1594205521.000,39.994119,-0.069478,124.000,26.700,21.0,10,6
1018.055,1594205521.000,39.994119,-0.069478,124.000,26.700,21.0,10,6
1019.025,1594205522.000,39.994123,-0.069474,124.000,26.700,22.0,10,6
1019.0469999999999,1594205522.000,39.994123,-0.069474,124.000,26.700,22.0,10,6
1020.0120000000001,1594205523.000,39.994112,-0.069462,124.000,29.600,22.0,10,6
1020.0189999999999,1594205523.000,39.994112,-0.069462,124.000,29.600,22.0,10,6
1021.013,1594205524.000,39.994086,-0.069457,124.000,73.100,22.0,10,6
1021.0210000000001,1594205524.000,39.994086,-0.069457,124.000,73.100,22.0,10,6
1022.0310000000001,1594205525.000,39.994083,-0.069453,124.000,92.500,22.0,10,6
1022.036,1594205525.000,39.994083,-0.069453,124.000,92.500,22.0,10,6
1023.004,1594205526.000,39.994082,-0.069438,124.000,105.000,24.0,10,6
1023.013,1594205526.000,39.994082,-0.069438,124.000,105.000,24.0,10,6
1024.0130000000001,1594205527.000,39.994087,-0.069424,123.000,117.000,22.0,10,6
1024.02,1594205527.000,39.994087,-0.069424,123.000,117.000,22.0,10,6
1024.9820000000002,1594205528.000,39.994084,-0.069413,124.000,136.200,22.0,10,6
1024.988,1594205528.000,39.994084,-0.069413,124.000,136.200,22.0,10,6
1025.9920000000002,1594205529.000,39.994084,-0.069402,124.000,159.100,25.0,10,6
1026.0020000000002,1594205529.000,39.994084,-0.069402,124.000,159.100,25.0,10,6
1026.999,1594205530.000,39.994074,-0.069403,124.000,171.300,26.0,10,6
1027.02,1594205530.000,39.994074,-0.069403,124.000,171.300,26.0,10,6
1027.987,1594205531.000,39.994078,-0.069403,124.000,159.400,26.0,10,5
1027.9930000000002,1594205531.000,39.994078,-0.069403,124.000,159.400,26.0,10,5
1028.99,1594205532.000,39.994072,-0.069402,124.000,167.200,28.0,9,5
1029.0020000000002,1594205532.000,39.994072,-0.069402,124.000,167.200,28.0,9,5
1029.9840000000002,1594205533.000,39.994064,-0.069403,124.000,174.900,31.0,9,5
1029.9950000000001,1594205533.000,39.994064,-0.069403,124.000,174.900,31.0,9,5
1030.978,1594205534.000,39.994083,-0.069369,124.000,182.600,29.0,9,4
1031.02,1594205534.000,39.994083,-0.069369,124.000,182.600,29.0,9,4
1033.0140000000001,1594205536.000,39.994108,-0.069375,125.000,241.500,33.0,9,6
1033.036,1594205536.000,39.994108,-0.069375,125.000,241.500,33.0,9,6
1033.9930000000002,1594205537.000,39.994090,-0.069359,124.000,270.300,30.0,9,4
1034.0020000000002,1594205537.000,39.994090,-0.069359,124.000,270.300,30.0,9,4
1035.0,1594205538.000,39.994104,-0.069361,124.000,321.800,33.0,10,4
1035.0040000000001,1594205538.000,39.994104,-0.069361,124.000,321.800,33.0,10,4
1037.9820000000002,1594205541.000,39.994100,-0.069352,122.000,326.900,52.0,9,6
1037.988,1594205541.000,39.994100,-0.069352,122.000,326.900,52.0,9,6
1038.977,1594205542.000,39.994106,-0.069338,121.000,335.100,51.0,9,6
1039.0010000000002,1594205542.000,39.994106,-0.069338,121.000,335.100,51.0,9,6
1039.9930000000002,1594205543.000,39.994110,-0.069326,122.000,343.300,48.0,8,6
1040.0140000000001,1594205543.000,39.994110,-0.069326,122.000,343.300,48.0,8,6
1040.9950000000001,1594205544.000,39.994139,-0.069306,125.000,351.400,47.0,8,6
1041.0030000000002,1594205544.000,39.994139,-0.069306,125.000,351.400,47.0,8,6
1042.036,1594205545.000,39.994144,-0.069309,125.000,359.600,51.0,8,5
1042.0430000000001,1594205545.000,39.994144,-0.069309,125.000,359.600,51.0,8,5
1042.9930000000002,1594205546.000,39.994153,-0.069298,128.000,7.800,50.0,8,5
1043.0110000000002,1594205546.000,39.994153,-0.069298,128.000,7.800,50.0,8,5
1043.979,1594205547.000,39.994139,-0.069313,129.000,330.900,50.0,8,5
1043.999,1594205547.000,39.994139,-0.069313,129.000,330.900,50.0,8,5
1045.005,1594205548.000,39.994124,-0.069329,129.000,306.800,53.0,8,5
1045.02,1594205548.000,39.994124,-0.069329,129.000,306.800,53.0,8,5
1093.9820000000002,1594205597.000,39.993957,-0.069294,125.000,209.200,46.0,8,5
1093.9920000000002,1594205597.000,39.993957,-0.069294,125.000,209.200,46.0,8,5
1094.941,1594205598.000,39.993952,-0.069301,123.000,211.500,43.0,9,5
1094.959,1594205598.000,39.993952,-0.069301,123.000,211.500,43.0,9,5
1095.9650000000001,1594205599.000,39.993954,-0.069309,122.000,219.200,40.0,9,5
1095.9730000000002,1594205599.000,39.993954,-0.069309,122.000,219.200,40.0,9,5
1096.976,1594205600.000,39.993960,-0.069303,123.000,222.200,44.0,9,5
1096.9840000000002,1594205600.000,39.993960,-0.069303,123.000,222.200,44.0,9,5
1097.9530000000002,1594205601.000,39.993961,-0.069291,125.000,225.300,45.0,7,5
1097.961,1594205601.000,39.993961,-0.069291,125.000,225.300,45.0,7,5
1098.9650000000001,1594205602.000,39.993960,-0.069286,126.000,0.000,44.0,8,5
1098.9740000000002,1594205602.000,39.993960,-0.069286,126.000,0.000,44.0,8,5
1099.933,1594205603.000,39.994044,-0.069246,116.000,218.800,34.0,8,4
1099.96,1594205603.000,39.994044,-0.069246,116.000,218.800,34.0,8,4
1100.9640000000002,1594205604.000,39.994034,-0.069252,115.000,220.200,36.0,8,5
1100.9840000000002,1594205604.000,39.994034,-0.069252,115.000,220.200,36.0,8,5
1101.981,1594205605.000,39.994043,-0.069237,118.000,306.700,35.0,8,5
1101.9930000000002,1594205605.000,39.994043,-0.069237,118.000,306.700,35.0,8,5
1102.9440000000002,1594205606.000,39.994063,-0.069223,118.000,346.900,35.0,8,6
1102.96,1594205606.000,39.994063,-0.069223,118.000,346.900,35.0,8,6
1103.94,1594205607.000,39.994071,-0.069234,115.000,4.700,30.0,8,4
1103.95,1594205607.000,39.994071,-0.069234,115.000,4.700,30.0,8,4
1104.951,1594205608.000,39.994087,-0.069256,117.000,12.300,29.0,8,5
1104.9740000000002,1594205608.000,39.994087,-0.069256,117.000,12.300,29.0,8,5
1105.931,1594205609.000,39.994091,-0.069290,117.000,12.600,29.0,8,5
1105.95,1594205609.000,39.994091,-0.069290,117.000,12.600,29.0,8,5
1106.9340000000002,1594205610.000,39.994112,-0.069290,119.000,16.100,31.0,8,5
1106.9550000000002,1594205610.000,39.994112,-0.069290,119.000,16.100,31.0,8,5
1107.958,1594205611.000,39.994123,-0.069295,122.000,13.300,35.0,8,6
1107.9840000000002,1594205611.000,39.994123,-0.069295,122.000,13.300,35.0,8,6
1108.9930000000002,1594205612.000,39.994132,-0.069305,123.000,17.200,30.0,7,5
1109.005,1594205612.000,39.994132,-0.069305,123.000,17.200,30.0,7,5
1109.9820000000002,1594205613.000,39.994130,-0.069308,123.000,21.800,33.0,7,5
1109.998,1594205613.000,39.994130,-0.069308,123.000,21.800,33.0,7,5
1110.958,1594205614.000,39.994145,-0.069304,123.000,27.900,33.0,9,4
1110.9650000000001,1594205614.000,39.994145,-0.069304,123.000,27.900,33.0,9,4
1111.957,1594205615.000,39.994145,-0.069305,122.000,33.900,34.0,9,5
1111.986,1594205615.000,39.994145,-0.069305,122.000,33.900,34.0,9,5
1112.938,1594205616.000,39.994162,-0.069299,123.000,18.500,33.0,9,5
1112.951,1594205616.000,39.994162,-0.069299,123.000,18.500,33.0,9,5
1113.941,1594205617.000,39.994186,-0.069274,121.000,13.000,27.0,9,4
1113.962,1594205617.000,39.994186,-0.069274,121.000,13.000,27.0,9,4
1114.921,1594205618.000,39.994213,-0.069254,119.000,23.500,22.0,9,4
1114.9640000000002,1594205618.000,39.994213,-0.069254,119.000,23.500,22.0,9,4
1115.9470000000001,1594205619.000,39.994217,-0.069252,118.000,26.600,24.0,9,5
1115.9550000000002,1594205619.000,39.994217,-0.069252,118.000,26.600,24.0,9,5
1116.957,1594205620.000,39.994204,-0.069251,119.000,44.700,22.0,9,5
1116.97,1594205620.000,39.994204,-0.069251,119.000,44.700,22.0,9,5
1117.9640000000002,1594205621.000,39.994192,-0.069258,120.000,50.200,24.0,9,6
1117.99,1594205621.000,39.994192,-0.069258,120.000,50.200,24.0,9,6
1118.9360000000001,1594205622.000,39.994194,-0.069237,122.000,55.800,22.0,9,6
1118.942,1594205622.000,39.994194,-0.069237,122.000,55.800,22.0,9,6
1119.958,1594205623.000,39.994187,-0.069223,122.000,68.900,22.0,9,5
1119.968,1594205623.000,39.994187,-0.069223,122.000,68.900,22.0,9,5
1120.98,1594205624.000,39.994174,-0.069221,122.000,88.500,24.0,8,5
1121.0040000000001,1594205624.000,39.994174,-0.069221,122.000,88.500,24.0,8,5
1121.9530000000002,1594205625.000,39.994184,-0.069213,123.000,96.100,23.0,8,5
1121.961,1594205625.000,39.994184,-0.069213,123.000,96.100,23.0,8,5
1122.971,1594205626.000,39.994196,-0.069204,125.000,88.200,20.0,7,5
1122.981,1594205626.000,39.994196,-0.069204,125.000,88.200,20.0,7,5
1123.9750000000001,1594205627.000,39.994203,-0.069202,125.000,85.900,20.0,7,5
1123.981,1594205627.000,39.994203,-0.069202,125.000,85.900,20.0,7,5
1124.951,1594205628.000,39.994202,-0.069208,126.000,135.100,20.0,7,5
1124.962,1594205628.000,39.994202,-0.069208,126.000,135.100,20.0,7,5
1125.9170000000001,1594205629.000,39.994192,-0.069209,125.000,141.400,20.0,7,5
1125.9270000000001,1594205629.000,39.994192,-0.069209,125.000,141.400,20.0,7,5
1126.9350000000002,1594205630.000,39.994179,-0.069201,125.000,146.400,20.0,6,5
1126.9750000000001,1594205630.000,39.994179,-0.069201,125.000,146.400,20.0,6,5
1127.949,1594205631.000,39.994162,-0.069201,125.000,155.400,21.0,7,5
1127.969,1594205631.000,39.994162,-0.069201,125.000,155.400,21.0,7,5
1128.9240000000002,1594205632.000,39.994160,-0.069200,125.000,175.600,24.0,9,6
1128.9340000000002,1594205632.000,39.994160,-0.069200,125.000,175.600,24.0,9,6
1129.9350000000002,1594205633.000,39.994142,-0.069202,125.000,187.300,28.0,9,6
1129.9460000000001,1594205633.000,39.994142,-0.069202,125.000,187.300,28.0,9,6
1130.9350000000002,1594205634.000,39.994125,-0.069213,124.000,195.700,29.0,9,5
1130.9470000000001,1594205634.000,39.994125,-0.069213,124.000,195.700,29.0,9,5
1131.9350000000002,1594205635.000,39.994116,-0.069220,124.000,204.300,31.0,9,5
1131.94,1594205635.000,39.994116,-0.069220,124.000,204.300,31.0,9,5
1132.957,1594205636.000,39.994102,-0.069224,124.000,207.200,31.0,9,5
1132.9660000000001,1594205636.000,39.994102,-0.069224,124.000,207.200,31.0,9,5
1133.9640000000002,1594205637.000,39.994100,-0.069230,124.000,215.000,33.0,10,5
1133.971,1594205637.000,39.994100,-0.069230,124.000,215.000,33.0,10,5
1149.9470000000001,1594205653.000,39.994168,-0.069143,118.000,40.900,39.0,7,6
1149.958,1594205653.000,39.994168,-0.069143,118.000,40.900,39.0,7,6
